6.638888888888891
8.55
21.750000000000004
10.13888888888889
-16.77777777777778
37.31666666666667
4.549999999999999
-10.016666666666667
17.994444444444447
34.83888888888889
16.18888888888889
21.422222222222224
3.544444444444446
7.633333333333335
30.111111111111114
-7.2555555555555555
-12.133333333333335
30.0
-4.783333333333333
-0.9888888888888896
2.872222222222223
0.56111111111111
0.5944444444444447
14.088888888888889
-4.1499999999999995
-16.51666666666667
-5.544444444444445
35.59444444444444
-6.777777777777778
15.550000000000002
-1.7777777777777775
23.75
5.377777777777778
13.411111111111111
6.016666666666666
0.2611111111111105
-1.8555555555555556
19.583333333333336
-12.894444444444446
-15.155555555555557
12.933333333333335
22.133333333333336
23.127777777777776
35.0
24.650000000000002
-5.022222222222222
35.61111111111111
8.905555555555557
3.055555555555556
3.311111111111112
-3.4555555555555553
13.494444444444445
31.27777777777778
-5.8277777777777775
-3.022222222222223
-1.3222222222222217
32.083333333333336
-14.733333333333334
0.7833333333333314
36.62222222222223
32.19444444444445
17.800000000000004
34.988888888888894
19.305555555555557
-9.761111111111111
18.522222222222226
-4.533333333333333
23.22222222222222
-13.53888888888889
6.655555555555554
31.688888888888894
34.31666666666666
3.3722222222222227
13.672222222222222
12.333333333333336
21.92222222222222
11.727777777777778
33.56666666666667
-16.044444444444444
-7.894444444444446
0.4611111111111102
16.422222222222224
-8.722222222222221
16.06111111111111
-7.161111111111111
21.05
-14.527777777777777
-2.3888888888888893
23.51111111111111
18.383333333333336
13.82777777777778
20.172222222222224
28.31111111111111
34.955555555555556
32.25
18.011111111111113
15.322222222222221
19.966666666666665
-1.3888888888888888
-1.6055555555555558