43.95
47.39
71.15
50.25
1.8
99.17
40.19
13.97
64.39
94.71
61.14
70.56
38.38
45.74
86.2
18.94
10.16
86.0
23.39
30.22
37.17
33.01
33.07
57.36
24.53
2.27
22.02
96.07
19.8
59.99
28.8
74.75
41.68
56.14
42.83
32.47
28.66
67.25
8.79
4.72
55.28
71.84
73.63
95.0
76.37
22.96
96.1
48.03
37.5
37.96
25.78
56.29
88.3
21.51
26.56
29.62
89.75
5.48
33.41
97.92
89.95
64.04
94.98
66.75
14.43
65.34
23.84
73.8
7.63
43.98
89.04
93.77
38.07
56.61
54.2
71.46
53.11
92.42
3.12
17.79
32.83
61.56
16.3
60.91
19.11
69.89
5.85
27.7
74.32
65.09
56.89
68.31
82.96
94.92
90.05
64.42
59.58
67.94
29.5
29.11
